-0.0098,
-0.0543,
0.0053,
0.0067,
0.0334,
0.0047,
0.1095,
0.0611,
-0.1008,
0.0339,
-0.0220,
-0.1184,
0.1169,
0.0229,
0.0216,
0.1018,
-0.0019,
0.0230,
0.0783,
0.0138,
0.0528,
-0.0764,
-0.0267,
-0.0995,
-0.0225,
-0.0073,
-0.0215,
-0.0764,
-0.0040,
-0.0223,
-0.0402,
0.0778,
0.1913,
0.0853,
0.0205,
0.4997,
-0.4646,
-0.1194,
0.6319,
-0.4297,
-0.2932,
0.2491,
-0.2480,
0.2240,
-0.2065,
0.1162,
-0.0908,
-0.4779,
0.6226,
-0.4221,
0.1822,
0.6700,
-0.5836,
-0.2389,
-0.7882,
-0.3234,
-0.2898,
-0.5364,
-0.0155,
0.1069,
-0.1834,
-0.5183,
-0.3774,
0.4435,
-1.5074,
0.5321,
0.4110,
0.7772,
-0.3100,
0.4702,
0.0023,
0.9127,
0.8970,
-0.5485,
0.2246,
-0.3849,
0.7486,
-0.3284,
0.9926,
-0.0290,
0.0383,
-0.3697,
0.0335,
-0.4384,
-0.3492,
-0.0898,
1.5757,
-0.0834,
0.1221,
0.0137,
0.3382,
0.4198,
-0.0278,
0.0266,
-0.9969,
0.1675,
-0.6325,
0.3389,
-0.2742,
0.5432,
-1.6313,
0.2113,
0.2684,
0.0997,
-0.7279,
-0.3409,
0.2265,
-0.4787,
-0.4872,
-0.1903,
0.0149,
-0.1441,
0.5413,
0.2140,
0.5324,
0.4199,
0.0950,
-0.8047,
0.1111,
0.3475,
-0.4313,
0.2999,
-0.3612,
-0.6486,
0.2274,
0.4675,
-0.6572,
-1.4464,
0.5582,
-0.4023,
-0.1514,
0.5053,
0.4312,
-0.4950,
-0.5820,
0.7151,
0.2778,
0.2290,
0.2339,
-0.0949,
-0.2388,
-0.5656,
0.0974,
-0.1960,
-0.0164,
0.1096,
-0.2492,
0.1809,
0.0557,
0.3795,
0.4486,
-0.9115,
0.1406,
0.0209,
-1.0950,
-0.0055,
-0.0200,
-0.5317,
-0.0869,
-0.1081,
0.4543,
-0.2323,
-0.1424,
-0.2126,
0.5567,
-0.0022,
-0.1733,
0.1488,
-0.2900,
-1.0305,
0.0420,
-0.0921,
0.8163,
0.5275,
-0.4653,
0.2234,
0.2405,
0.4876,
0.4413,
-0.0804,
0.6611,
0.2217,
0.8945,
0.6375,
-0.1732,
-0.1971,
0.3229,
0.1731,
-0.2398,
0.6982,
0.7237,
-0.4282,
0.1182,
-0.7097,
-1.0529,
0.2926,
0.5760,
-0.3616,
0.3000,
-0.0548,
0.0982,
0.6580,
0.0299,
-1.0669,
-0.3375,
-0.0984,
0.0762,
-0.1680,
0.3483,
-0.0481,
0.1679,
0.2355,
0.1509,
-0.3901,
0.2500,
0.2329,
-0.1028,
-0.6558,
-0.3244,
-0.4210,
-0.6600,
-0.7947,
0.0788,
-1.4659,
-0.1844,
-0.3596,
-0.1593,
-1.5294,
-0.9410,
0.7310,
-0.6292,
0.0772,
0.1122,
-1.1738,
0.5614,
-0.1771,
-0.0811,
0.4785,
0.4654,
0.0400,
-0.1112,
0.3723,
-0.5188,
0.2458,
-0.2277,
-0.5221,
-0.2525,
-1.5991,
-0.4525,
-1.0741,
-0.0441,
-0.4513,
0.6432,
-0.2705,
-0.0473,
0.6982,
0.0406,
0.0270,
-0.2607,
0.3988,
0.3647,
0.1714,
0.1142,
0.2243,
0.3452,
0.4962,
0.2116,
-0.1190,
-0.3848,
-0.1177,
-1.5441,
0.7165,
0.5187,
0.0344,
0.2168,
0.3269,
0.1872,
0.1672,
0.2215,
0.1773,
-0.2954,
0.0772,
0.1656,
0.1031,
-0.4214,
-0.1301,
-0.3057,
0.0250,
 0.0222,
-0.0310,
0.0158,
0.0777,
0.0434,
0.0131,
0.0269,
-0.0048,
0.0261,
-0.0160,
-0.0164,
0.0439,
0.0240,
-0.0703,
-0.0547,
0.0477,
0.0320,
-0.0097,
0.0125,
0.0509,
0.0143,
0.0467,
0.0554,
0.0124,
0.0599,
0.0234,
-0.0574,
0.0372,
0.0225,
0.0322,
-0.0308,
0.0295,
0.0768,
-0.1221,
0.4207,
-0.8830,
0.9707,
-0.1168,
1.0451,
0.8934,
-0.2819,
0.2528,
0.6103,
-0.3585,
0.0855,
0.1500,
-0.4199,
0.6775,
-1.4922,
0.4070,
-0.1000,
0.8569,
0.3441,
-0.1083,
0.0821,
-0.0752,
0.4245,
0.2087,
-0.0152,
-0.3724,
-0.6003,
0.1770,
0.1233,
0.0954,
0.4550,
0.3024,
0.2490,
0.0921,
-0.1784,
-0.0675,
0.0042,
-0.0024,
-0.1907,
0.1620,
-0.4341,
0.3399,
-0.1480,
0.1184,
0.3788,
0.0822,
0.2217,
-0.7550,
0.1295,
0.1513,
-0.2144,
-0.0605,
-0.7883,
0.4940,
-0.0403,
0.5074,
-0.0916,
-0.2159,
0.0651,
-0.0422,
-0.4264,
0.0156,
0.3828,
-0.9327,
-0.0742,
-0.4558,
1.0248,
-0.1319,
0.3814,
-0.2769,
0.1937,
0.3511,
0.2101,
-0.2214,
-0.5450,
0.3476,
0.2880,
0.0752,
0.1390,
0.4696,
-0.4157,
-0.0072,
0.0573,
0.6300,
-0.0407,
-0.3099,
0.6715,
0.0748,
0.0527,
0.4990,
-0.6031,
-0.2308,
0.0882,
0.4680,
-0.6712,
0.0531,
-0.5302,
-0.3274,
-1.3908,
0.1682,
-0.4086,
-0.2356,
-0.1431,
0.1474,
0.4752,
-0.3753,
0.2043,
0.7133,
-0.1503,
-0.3314,
-0.2353,
-0.4405,
0.3756,
0.0254,
0.1312,
-0.2177,
0.3758,
-0.7480,
-0.3015,
0.0607,
-0.2614,
-0.1366,
0.0205,
0.7709,
-0.7829,
0.1710,
0.0926,
-0.2662,
-0.1454,
0.0828,
-0.0847,
0.1449,
-0.4011,
-0.6910,
-0.1927,
0.5409,
-0.0333,
-0.1439,
-0.6163,
-0.3011,
0.8923,
-0.1628,
-0.0402,
-0.0777,
-0.0557,
0.2099,
-0.2970,
-0.2409,
-0.6211,
0.4183,
-0.5693,
-0.1610,
-0.1909,
-0.1918,
-0.4636,
0.2672,
-0.0458,
-0.1276,
0.2174,
0.2816,
0.0397,
-0.4265,
-0.4208,
-0.0393,
0.4434,
0.4067,
0.4286,
0.1670,
-0.2397,
-0.0610,
-0.1405,
0.5713,
0.1049,
0.3436,
-0.1633,
0.1770,
-0.2513,
-0.0842,
0.0427,
-0.2875,
0.5305,
-0.0621,
0.4466,
-0.9248,
0.0131,
0.2389,
0.9154,
0.6202,
0.5361,
-0.0080,
0.0430,
-0.4018,
-0.2613,
0.6601,
-0.3615,
-0.1068,
-0.5639,
-0.0393,
0.4891,
0.0532,
-0.3131,
0.2028,
0.2067,
0.1385,
0.2681,
0.1461,
-0.0545,
0.0543,
-0.2647,
-0.1470,
-0.0695,
-0.4223,
-0.1626,
-0.7663,
-0.3908,
-0.2355,
-0.1545,
0.2592,
0.4149,
-0.0859,
-0.1105,
-0.2222,
-0.0547,
1.1367,
0.4043,
-0.6685,
-0.6601,
-0.1261,
-0.2529,
0.2352,
-0.5048,
0.6984,
-0.3555,
-0.2991,
1.0534,
-0.4001,
0.3184,
0.5996,
0.0261,
0.4860,
-0.2885,
-0.0060,
-0.1153,
-0.3240,
0.4664,
0.4141,
0.3285,
-0.0426,
-0.3792,
-0.5844,
0.5418,
0.8508,
-0.1872,
0.4969,
 0.0360,
-0.0009,
-0.0136,
-0.0134,
-0.0093,
-0.0121,
0.0061,
-0.0088,
0.0193,
-0.0418,
0.0063,
-0.0532,
-0.0359,
-0.0178,
0.0221,
-0.0547,
-0.0293,
0.0132,
0.0074,
0.0023,
0.0085,
0.0375,
-0.0302,
-0.0315,
0.0003,
0.0246,
0.0009,
-0.0187,
0.0088,
0.0508,
0.0037,
0.0005,
0.0470,
0.5799,
-0.4601,
-0.1886,
-0.0461,
0.5819,
0.2401,
0.0957,
-0.0509,
0.4137,
0.0765,
-0.1099,
-0.0357,
0.5044,
-0.0049,
-0.4334,
-0.0669,
0.1056,
0.0272,
-0.5404,
0.1458,
-0.1823,
0.0362,
0.2241,
0.2018,
0.0790,
0.2503,
-0.0845,
0.5743,
-0.2518,
-0.3890,
-0.1028,
-0.1533,
0.0286,
0.0047,
-0.3871,
-0.1572,
0.1694,
-0.0141,
0.1924,
0.2336,
0.1693,
0.5217,
-0.2045,
0.0920,
-0.3052,
0.4499,
0.2305,
-0.5388,
-0.3295,
-0.2341,
-0.2666,
-0.2463,
-0.3926,
0.8316,
0.4267,
0.1952,
-0.6973,
0.0358,
-0.1548,
0.0466,
0.2687,
-0.0299,
-0.0236,
-0.1579,
-0.2947,
-0.0918,
-0.6428,
0.0957,
0.0840,
0.2912,
0.4147,
-0.1526,
-0.0446,
0.0803,
-0.0366,
-0.1254,
-0.1907,
-0.0056,
0.0715,
0.0544,
0.0135,
0.3808,
0.2664,
0.2705,
-0.0048,
-0.2973,
0.6261,
0.4261,
0.0139,
0.1208,
0.3384,
-0.4185,
-0.2028,
0.0144,
0.4540,
-0.0659,
-0.1524,
-0.1305,
0.1415,
0.3512,
0.0271,
-0.3199,
-0.0225,
0.1501,
0.1433,
-0.3190,
-0.2519,
-0.1053,
0.0988,
-0.0318,
-0.1511,
-0.0595,
0.0527,
0.2944,
0.0256,
0.0423,
-0.0253,
0.1728,
-0.1850,
-0.0995,
-0.2701,
-0.1919,
0.2718,
0.1173,
-0.0763,
-0.2368,
0.1715,
0.1839,
-0.5234,
0.1776,
0.1361,
0.2598,
-0.0058,
-0.3044,
-0.3985,
-0.1300,
0.5472,
-0.0691,
0.5095,
0.0381,
0.1517,
0.1439,
-0.0431,
-0.0468,
0.1041,
0.4001,
-0.0899,
-0.0392,
-0.5803,
-0.1699,
0.4450,
-0.1327,
0.3030,
0.1054,
0.2123,
-0.2488,
0.0148,
0.4282,
-0.4715,
-0.1376,
0.1862,
-0.1319,
0.1401,
0.1124,
0.0923,
-0.5735,
0.4539,
0.3863,
0.4425,
-0.0983,
0.2507,
-0.8640,
-0.2670,
-0.1584,
0.0255,
0.1224,
0.0094,
0.3591,
-0.0775,
-0.0248,
-0.3165,
-0.3065,
0.1383,
-0.1104,
-0.1548,
-0.3356,
0.2087,
-0.0607,
0.3394,
0.1104,
0.2417,
-0.0997,
0.2598,
-0.3303,
-0.0887,
-0.1830,
0.0789,
0.1070,
-0.2001,
-0.1420,
-0.1661,
0.1511,
0.3085,
0.0925,
-0.0350,
0.0019,
0.0614,
0.0792,
0.0856,
0.0602,
-0.0757,
-0.0822,
-0.3062,
-0.0855,
-0.2520,
-0.0164,
0.0347,
-0.3668,
0.2890,
-0.4676,
-0.2559,
-0.0140,
0.1004,
-0.1454,
-0.0804,
0.0661,
-0.2134,
0.1873,
0.0762,
-0.1282,
0.1594,
0.0216,
0.5444,
-0.0973,
-0.2219,
0.2960,
0.0925,
0.0080,
0.3873,
-0.1118,
0.2293,
0.0355,
0.0570,
0.1525,
-0.3520,
-0.0288,
0.5938,
-0.0788,
0.2446,
0.0567,
0.3982,
0.3111,
0.1708,
0.3897,
-1.0697
